6
8
16
17
21
25
28
32
34
38
41
42
50
51
61
66
73
74
79
80
81
82
83
87
94
98
99
102
109
123
125
128
129
134
136
143
144
145
151
153
156
164
165
166
167
169
175
185
188
190
191
195
209
214
217
218
224
225
229
235
238
245
247
254
265
267
275
276
278
280
287
289
293
294
299
302
303
305
306
309
311
312
322
325
327
331
332
336
358
359
363
370
377
379
380
400
402
405
408
426
432
436
438
441
450
458
461
463
471
476
481
483
484
489
492
494
495
496
503
508
510
512
514
516
520
532
535
536
537
541
543
544
545
546
554
557
560
561
564
