1003
1004
1005
1008
1028
1036
1044
1053
1056
1064
1073
1088
1094
1130
1134
1135
1139
1141
1143
1156
1161
1162
1164
1166
1168
1172
1177
1195
1197
1198
1204
1205
1214
1217
1220
1228
1232
1234
1235
1237
1241
1245
1246
1249
1251
1252
1261
1262
1263
1280
1281
1284
1285
1291
1302
1313
1347
1354
1370
1374
1380
1384
1385
1393
1395
1400
1404
1415
1427
1430
1434
1440
1447
1448
1454
1458
1459
1460
1478
1496
1498
1500
1501
1503
1504
1508
1510
1514
1535
1538
1539
1545
1548
1553
1558
1559
1567
1570
1572
1573
1576
1583
1585
1592
1593
1595
1599
1601
1605
1614
1630
1645
1652
1653
1655
1656
1659
1662
1666
1669
1670
1688
1692
1700
1712
1748
1763
1768
1774
1789
1800
1804
1806
1808
1809
1810
1821
1823
1826
1839
1845
1849
1864
1865
1867
1872
1873
1875
1879
1882
1890
1892
1893
1895
1901
1906
1908
1910
1928
1936
1940
1943
1992
1995
2003
2004
2008
2009
2022
2032
2048
2060
2064
2065
2080
2089
2095
2111
2125
2132
2141
2142
2146
2148
2150
2153
2154
2155
2163
2173
2175
2176
2180
2194
2200
2205
2206
2208
2219
2221
2243
2247
2248
2249
2250
2254
2260
2271
2277
2284
2285
2293
2321
2334
2338
2347
2353
2355
2362
2363
2368
2370
2385
2391
2392
2394
2420
2432
2433
2435
2447
2468
2470
2478
2483
2484
2485
2491
2499
2500
2506
2530
2539
2542
2543
2548
2550
2556
2565
2569
2574
2575
2577
2579
2585
2586
2593
2596
2606
2610
2625
2628
2643
2644
2650
2654
2657
2659
2663
2672
2681
2682
2708
2713
2718
2738
2742
2743
2745
2754
2762
2763
2771
2777
2778
2789
2792
2799
2806
2822
2825
2836
2839
2841
2844
2849
2851
2857
2859
2862
2865
2867
2868
2873
2880
2890
2894
2896
2899
2906
2909
2910
2919
2932
2935
2939
2945
2948
2950
2951
2952
2960
2963
2964
2969
2982
2993
2997
2999
3002
3004
3008
3014
3018
3027
3034
3037
3047
3051
3054
3055
3057
3060
3064
3073
3077
3079
3087
3090
3091
3119
3122
3125
3141
3142
3149
3150
3154
3156
3162
3164
3166
3168
3171
3176
3181
3182
3183
3191
3192
3197
3218
3220
3227
3242
3249
3265
3272
3278
3285
3286
3291
3298
3314
3316
3329
3351
3360
3362
3364
3367
3369
3378
3379
3384
3386
3390
3391
3398
3400
3408
3412
3414
3416
3435
3440
3459
3461
3465
3471
3474
3477
3478
3481
3482
3483
3488
3491
3494
3502
3504
3508
3539
3540
3542
3550
3556
3559
3561
3578
3581
3582
3587
3598
3600
3611
3612
3613
3614
3621
3630
3636
3639
3642
3644
3646
3651
3665
3671
3675
3676
3689
3695
3697
3703
3705
3713
3720
3728
3735
3741
3745
3748
3757
3759
3763
3769
3770
3774
3778
3787
3796
3800
3807
3809
3813
3833
3836
3840
3841
3842
3847
3851
3856
3867
3873
3887
3896
3906
3919
3927
3935
3936
3945
3947
3953
3954
3955
3958
3959
3962
3964
3976
3979
4005
4009
4016
4024
4030
4032
4035
4039
4040
4041
4043
4044
4048
4055
4056
4059
4064
4068
4073
4085
4100
4102
4107
4112
4118
4128
4131
4132
4140
4141
4163
4164
4165
4190
4192
4200
4206
4214
4223
4247
4251
4258
4259
4269
4274
4278
4283
4292
4296
4300
4304
4309
4318
4319
4330
4332
4335
4340
4364
4365
4379
4387
4392
4403
4409
4413
4414
4416
4420
4436
4437
4439
4450
4452
4459
4470
4475
4477
4487
4505
4509
4512
4514
4516
4527
4528
4534
4536
4540
4542
4548
4558
4561
4562
4565
4570
4571
4572
4580
4581
4586
4592
4594
4606
4608
4617
4618
4623
4653
4654
4658
4662
4672
4676
4686
4691
4694
4695
4710
4712
4723
4726
4738
4742
4746
4748
4750
4755
4760
4762
4765
4767
4768
4769
4773
4783
4785
4788
4798
4802
4809
4812
4818
4829
4833
4841
4842
4852
4860
4868
4870
4875
4886
4892
4894
4897
4900
4901
4913
4920
4931
4932
4937
4944
4960
4967
4971
4975
4979
4980
4995
4996
4998
5005
5029
5031
5034
5036
5042
5043
5045
5052
5061
5064
5070
5079
5088
5093
5094
5095
5097
5110
5118
5119
5128
5133
5134
5144
5147
5153
5154
5166
5170
5198
5200
5207
5209
5211
5217
5219
5232
5234
5241
5246
5249
5251
5252
5254
5259
5264
5265
5268
5269
5291
5294
5312
5319
5329
5336
5337
5348
5350
5359
5372
5376
5380
5384
5385
5391
5394
5395
5407
5414
5422
5429
5431
5438
5443
5445
5450
5455
5460
5468
5470
5488
5494
5496
5507
5514
5526
5529
5539
5548
5549
5576
5586
5591
5594
5601
5606
5609
5623
5629
5635
5650
5662
5672
5682
5689
5693
5694
5700
5720
5723
5724
5725
5728
5742
5744
5760
5765
5777
5780
5781
5785
5787
5796
5799
5812
5821
5823
5825
5840
5846
5848
5852
5854
5855
5871
5879
5882
5887
5890
5898
5899
5905
5906
5908
5926
5929
5935
5938
5943
5946
5953
5961
5962
5969
5974
5975
5976
5979
5983
5985
5987
6004
6017
6028
6029
6031
6032
6033
6036
6038
6040
6042
6046
6048
6054
6061
6062
6078
6080
6081
6091
6094
6098
6104
6105
6109
6113
6120
6123
6134
6154
6163
6165
6170
6186
6187
6189
6208
6216
6221
6235
6237
6243
6244
6245
6249
6250
6252
6261
6264
6282
6287
6300
6301
6305
6321
6328
6343
6344
6352
6355
6356
6359
6362
6366
6369
6378
6385
6394
6396
6400
6405
6408
6411
6414
6425
6431
6435
6436
6442
6444
6458
6464
6467
6481
6490
6498
6500
6516
6518
6523
6541
6544
6545
6553
6554
6565
6592
6612
6617
6620
6628
6633
6637
6638
6640
6643
6647
6651
6654
6658
6666
6673
6680
6690
6691
6692
6696
6703
6716
6729
6732
6734
6736
6744
6756
6765
6774
6776
6780
6791
6793
6794
6802
6812
6814
6816
6830
6832
6836
6840
6841
6851
6855
6860
6875
6881
6884
6891
6907
6920
6925
6926
6931
6936
6945
6946
6948
6949
6955
6962
6982
6990
6991
6994
6996
6997
7009
7012
7020
7028
7031
7033
7037
7047
7048
7057
7059
7060
7064
7065
7070
7078
7085
7093
7095
7096
7100
7110
7113
7121
7127
7145
7147
7148
7151
7152
7156
7157
7161
7165
7177
7178
7184
7185
7189
7192
7198
7213
7220
7226
7241
7249
7252
7257
7261
7262
7268
7271
7280
7282
7292
7301
7302
7303
7312
7313
7335
7341
7346
7348
7349
7351
7373
7378
7379
7380
7393
7402
7404
7412
7416
7419
7426
7427
7428
7439
7443
7463
7466
7468
7477
7480
7488
7496
7497
7513
7525
7531
7535
7544
7546
7549
7560
7585
7589
7593
7606
7621
7628
7631
7633
7637
7643
7645
7650
7653
7657
7663
7664
7667
7669
7676
7679
7681
7685
7687
7689
7690
7694
7696
7704
7716
7724
7727
7728
7733
7734
7737
7738
7743
7746
7748
7749
7750
7758
7771
7773
7778
7785
7788
7793
7797
7798
7804
7819
7824
7831
7838
7845
7846
7857
7861
7864
7868
7875
7886
7907
7908
7910
7916
7934
7935
7937
7951
7952
7953
7955
7957
7960
7965
7968
7972
7973
7974
7977
7984
7987
7989
7993
8000
8002
8007
8009
8013
8019
8029
8036
8037
8049
8056
8066
8075
8082
8095
8101
8105
8107
8110
8112
8124
8126
8130
8134
8152
8159
8167
8174
8177
8181
8195
8203
8208
8212
8213
8221
8249
8262
8267
8272
8274
8287
8301
8302
8304
8305
8306
8312
8339
8347
8349
8354
8357
8361
8364
8372
8374
8381
8393
8396
8397
8398
8400
8401
8402
8404
8406
8409
8417
8421
8423
8426
8439
8448
8468
8472
8476
8484
8487
8489
8491
8492
8493
8495
8496
8498
8507
8521
8533
8535
8542
8557
8561
8568
8570
8579
8580
8583
8587
8588
8595
8596
8597
8598
8600
8601
8602
8603
8613
8618
8634
8638
8639
8642
8643
8645
8647
8649
8653
8660
8664
8666
8671
8674
8686
8691
8695
8704
8718
8725
8727
8728
8736
8738
8739
8743
8747
8749
8750
8758
8761
8780
8781
8791
8795
8798
8799
8808
8815
8819
8830
8835
8839
8841
8867
8876
8879
8880
8888
8891
8899
8903
8913
8925
8927
8930
8936
8951
8954
8955
8976
8979
8988
8993
8994
9002
9010
9013
9016
9029
9034
9036
9039
9044
9051
9064
9072
9079
9082
9083
9085
9087
9089
9090
9096
9098
9099
9106
9120
9121
9125
9134
9136
9137
9143
9155
9162
9164
9173
9178
9183
9192
9194
9197
9205
9207
9217
9221
9222
9225
9234
9245
9253
9260
9265
9275
9276
9279
9285
9290
9293
9295
9301
9311
9345
9352
9358
9371
9375
9376
9382
9403
9419
9434
9435
9444
9453
9460
9465
9469
9472
9485
9491
9494
9496
9500
9505
9516
9551
9555
9559
9564
9571
9575
9585
9610
9622
9623
9631
9637
9640
9652
9659
9667
9680
9696
9701
9702
9706
9709
9711
9715
9726
9736
9741
9745
9758
9760
9763
9765
9770
9774
9777
9781
9791
9796
9800
9803
9817
9820
9826
9828
9838
9845
9848
9851
9855
9860
9864
9881
9885
9886
9896
9935
9941
9945
9948
9949
9959
9962
9966
9972
9980
9984
9986
9987
9988
9993
9995
10002
10005
10011
10014
10026
10032
10038
10052
10054
10060
10069
10076
10079
10086
10087
10095
10097
10111
10126
10130
10136
10143
10158
10163
10164
10167
10172
10175
10190
10193
10200
10205
10221
10223
10237
10240
10247
10250
10254
10256
10260
10264
10269
10281
10293
10300
10311
10314
10334
10338
10350
10351
10358
10362
10368
10378
10390
10398
10409
10413
10430
10439
10443
10444
10448
10453
10454
10456
10457
10459
10462
10464
10465
10467
10468
10470
10474
10482
10485
10487
10490
10493
10494
10498
10506
10511
10521
10530
10541
10550
10558
10559
10561
10563
10576
10578
10586
10591
10619
10628
10635
10638
10645
10649
10650
10653
10657
10664
10671
10683
10685
10691
10695
10696
10701
10704
10706
10717
10729
10736
10742
10747
10770
10771
10772
10780
10790
10791
10798
10803
10805
10829
10831
10836
10839
10840
10848
10860
10866
10867
10868
10883
10894
10896
10898
10905
10908
10911
10936
10940
10942
10963
10968
10970
10974
10981
10986
10989
11002
11016
11029
11037
11043
11089
11093
11095
11096
11101
11103
11116
11122
11127
11131
11133
11136
11146
11156
11157
11159
11166
11172
11180
11189
11193
11195
11200
11204
11208
11226
11230
11233
11238
11243
11249
11256
11260
11266
11275
11290
11298
11299
11300
11302
11310
11338
11344
11346
11357
11369
11371
11381
11390
11393
11395
11401
11405
11417
11421
11433
11437
11441
11442
11452
11453
11456
11458
11461
11471
11475
11479
11482
11494
11516
11531
11549
11564
11575
11581
11588
11592
11608
11610
11612
11624
11634
11638
11641
11645
11647
11660
11661
11667
11670
11672
11680
11681
11684
11691
11699
11744
11750
11752
11754
11757
11758
11767
11773
11797
11802
11805
11807
11811
11820
11826
11829
11830
11837
11840
11842
11843
11845
11862
11867
11868
11874
11878
11880
11885
11905
11909
11922
11943
11948
11957
11960
11979
11989
11993
11994
11999
12000
12010
12014
12018
12024
12033
12046
12049
12055
12058
12060
12061
12078
12083
12101
12104
12123
12124
12125
12132
12137
12155
12160
12166
12182
12184
12186
12192
12199
12204
12207
12213
12249
12254
12260
12282
12285
12288
12295
12297
12298
12305
12318
12323
12335
12339
12348
12350
12353
12357
12359
12399
12401
12407
12408
12421
12442
12457
12461
12464
12468
12489
12502
12504
12539
12547
12548
12556
12571
12577
12578
12588
12595
12596
12597
12609
12615
12620
12634
12647
12652
12665
12669
12681
12682
12693
12695
12697
12705
12726
12735
12746
12751
12764
12767
12776
12777
12792
12803
12804
12809
12813
12820
12838
12840
12841
12857
12866
12872
12873
12878
12886
12888
12898
12907
12911
12938
12959
12964
12967
12972
12975
12980
12984
12999
13009
13014
13027
13034
13043
13047
13049
13066
13069
13071
13082
13083
13097
13102
13127
13134
13141
13156
13157
13159
13166
13168
13173
13178
13196
13197
13200
13201
13212
13221
13226
13233
13243
13245
13256
13257
13263
13270
13273
13274
13283
13288
13326
13327
13334
13350
13358
13365
13369
13371
13389
13390
13395
13397
13410
13417
13432
13449
13451
13454
13465
13466
13474
13485
13490
13526
13527
13532
13536
13538
13558
13561
13578
13583
13586
13604
13609
13612
13615
13628
13640
13643
13662
13664
13668
13676
13678
13681
13682
13684
13691
13693
13697
13710
13712
13713
13721
13723
13728
13750
13758
13759
13768
13772
13775
13790
13795
13798
13801
13803
13810
13830
13831
13832
13836
13856
13859
13874
13885
13898
13899
13906
13923
13925
13926
13930
13934
13943
13945
13947
13957
13964
13966
13986
13989
13994
13998
14003
14005
14018
14022
14027
14040
14042
14043
14053
14058
14073
14076
14080
14084
14096
14102
14103
14110
14118
14130
14131
14152
14156
14164
14167
14168
14177
14194
14198
14203
14211
14227
14230
14231
14235
14236
14240
14247
14265
14267
14268
14274
14279
14282
14286
14291
14307
14311
14316
14319
14326
14330
14338
14340
14343
14345
14348
14349
14352
14358
14363
14374
14376
14393
14396
14411
14415
14419
14429
14430
14431
14434
14455
14471
14476
14482
14489
14490
14500
14536
14537
14539
14540
14553
14559
14567
14568
14575
14587
14615
14620
14626
14628
14630
14644
14659
14665
14670
14672
14674
14685
14693
14699
14703
14716
14717
14726
14737
14738
14753
14763
14769
14771
14773
14793
14800
14801
14817
14820
14824
14826
14841
14845
14847
14850
14860
14861
14870
14873
14878
14890
14898
14908
14911
14913
14914
14928
14931
14935
14937
14958
14988
14991
14992
15008
15012
15027
15028
15035
15037
15038
15050
15057
15063
15089
15091
15093
15100
15102
15131
15139
15141
15145
15147
15150
15164
15169
15173
15175
15201
15211
15232
15242
15243
15244
15246
15254
15261
15268
15269
15272
15274
15280
15290
15294
15297
15300
15302
15310
15327
15328
15340
15341
15370
15378
15392
15395
15401
15405
15406
15424
15430
15435
15436
15439
15441
15444
15453
15465
15482
15484
15504
15539
15548
15549
15550
15552
15562
15570
15576
15588
15592
15597
15599
15603
15608
15614
15621
15645
15652
15653
15654
15656
15657
15673
15683
15685
15689
15692
15704
15711
15712
15713
15718
15724
15726
15735
15740
15762
15768
15782
15787
15793
15794
15795
15805
15809
15811
15838
15841
15842
15846
15848
15864
15877
15879
15904
15905
15906
15910
15912
15916
15917
15927
15944
15945
15948
15951
15971
15979
15983
15985
15988
15990
15991
15999
16000
16020
16033
16041
16043
16046
16047
16050
16053
16054
16059
16078
16083
16087
16088
16089
16096
16099
16105
16113
16115
16120
16121
16130
16144
16150
16158
16163
16164
16165
16172
16175
16176
16181
16195
16205
16206
16210
16212
16214
16218
16219
16230
16235
16238
16240
16244
16261
16268
16283
16291
16307
16310
16315
16320
16326
16335
16337
16338
16340
16346
16352
16358
16367
16368
16370
16373
16376
16390
16391
16396
16401
16417
16425
16445
16447
16448
16450
16451
16454
16465
16466
16468
16479
16480
16481
16484
16499
16500
16505
16509
16546
16552
16553
16568
16572
16573
16578
16585
16594
16597
16628
16630
16646
16649
16659
16663
16667
16672
16678
16679
16690
16705
16711
16717
16723
16733
16737
16738
16744
16754
16757
16758
16763
16765
16767
16769
16791
16796
16809
16810
16813
16828
16830
16846
16848
16849
16852
16862
16865
16872
16899
16902
16907
16917
16923
16924
16925
16933
16935
16939
16945
16954
16977
16982
16983
16987
16990
16992
17007
17012
17019
17024
17045
17051
17058
17068
17099
17102
17120
17128
17136
17143
17147
17156
17157
17163
17167
17173
17176
17193
17195
17198
17201
17206
17214
17219
17236
17237
17240
17250
17251
17252
17254
17258
17261
17273
17309
17314
17315
17330
17332
17334
17348
17349
17361
17365
17367
17374
17391
17392
17401
17404
17414
17417
17419
17420
17426
17428
17446
17450
17451
17459
17468
17469
17480
17481
17499
17502
17512
17515
17519
17524
17537
17538
17544
17550
17557
17559
17565
17567
17568
17575
17582
17584
17587
17596
17600
17601
17602
17610
17613
17617
17624
17626
17636
17641
17646
17656
17660
17670
17679
17689
17692
17693
17697
17699
17702
17703
17710
17725
17752
17757
17761
17764
17771
17774
17776
17786
17789
17799
17805
17808
17812
17821
17836
17852
17864
17876
17878
17883
17887
17898
17901
17919
17929
17939
17941
17943
17948
17965
17966
17977
17987
17994
17996
18014
18024
18026
18027
18030
18036
18050
18056
18074
18077
18093
18107
18112
18123
18134
18135
18137
18139
18142
18144
18153
18154
18160
18161
18163
18170
18179
18185
18192
18200
18202
18203
18205
18206
18212
18213
18214
18221
18228
18230
18250
18253
18258
18266
18283
18292
18298
18300
18307
18311
18316
18331
18341
18342
18343
18344
18353
18358
18359
18391
18393
18400
18404
18411
18412
18413
18421
18426
18427
18435
18438
18439
18441
18442
18450
18458
18467
18473
18475
18481
18483
18484
18493
18494
18495
18497
18499
18502
18511
18528
18532
18541
18550
18555
18560
18561
18563
18570
18574
18582
18594
18596
18597
18598
18604
18608
18620
18622
18627
18630
18634
18635
18642
18646
18648
18659
18661
18668
18669
18671
18697
18709
18715
18718
18721
18733
18737
18740
18745
18758
18761
18773
18775
18781
18783
18785
18787
18794
18797
18799
18812
18822
18826
18829
18834
18839
18862
18865
18866
18870
18875
18878
18879
18885
18892
18894
18912
18936
18940
18952
18958
18964
18971
18976
18979
18983
18990
18991
18992
18993
18998
18999
19017
19040
19041
19043
19054
19081
19089
19090
19100
19101
19105
19107
19132
19133
19146
19149
19165
19182
19187
19193
19195
19203
19216
19228
19236
19253
19255
19260
19262
19265
19268
19280
19292
19296
19310
19312
19322
19327
19330
19336
19355
19359
19363
19381
19382
19387
19390
19393
19394
19398
19409
19418
19431
19433
19448
19463
19467
19475
19476
19480
19481
19489
19493
19502
19504
19519
19526
19537
19545
19547
19552
19558
19559
19560
19563
19568
19570
19583
19590
19593
19596
19601
19611
19620
19622
19650
19651
19654
19679
19681
19687
19700
19701
19713
19729
19732
19733
19736
19738
19751
19753
19758
19763
19764
19767
19769
19771
19774
19777
19779
19780
19781
19783
19795
19797
19800
19803
19826
19835
19841
19845
19865
19867
19875
19879
19887
19888
19900
19901
19909
19923
19929
19932
19938
19950
19951
19954
19960
19968
19981
19982
19988
19989
19997
20005
20006
20012
20016
20029
20033
20034
20035
20036
20038
20041
20043
20060
20061
20066
20075
20076
20082
20089
20107
20109
20110
20114
20122
20127
20130
20150
20151
20160
20161
20174
20176
20192
20196
20201
20202
20217
20223
20232
20238
20239
20241
20247
20249
20261
20263
20264
20270
20278
20281
20284
20323
20328
20337
20340
20342
20347
20352
20355
20366
20370
20372
20380
20394
20395
20396
20408
20409
20410
20417
20420
20429
20430
20438
20448
20457
20479
20487
20492
20496
20497
20501
20503
20509
20521
20536
20537
20538
20544
20545
20547
20549
20551
20552
20560
20563
20568
20571
20574
20582
20593
20594
20617
20629
20632
20661
20667
20677
20678
20679
20682
20688
20700
20701
20710
20722
20735
20738
20740
20743
20747
20750
20752
20753
20754
20757
20763
20766
20777
20782
20787
20795
20798
20840
20847
20856
20865
20870
20891
20897
20901
20902
20909
20913
20919
20929
20946
20953
20986
20987
20992
20994
21000
21009
21022
21024
21040
21041
21056
21060
21064
21066
21076
21079
21090
21096
21120
21124
21130
21134
21150
21174
21175
21180
21188
21192
21198
21206
21210
21221
21227
21233
21236
21241
21243
21250
21258
21259
21262
21269
21276
21277
21281
21300
21301
21302
21304
21310
21322
21338
21343
21346
21350
21381
21386
21392
21395
21404
21412
21418
21426
21429
21437
21440
21441
21464
21467
21468
21479
21493
21496
21500
21511
21513
21518
21529
21530
21532
21535
21545
21561
21563
21567
21575
21582
21584
21604
21611
21617
21619
21637
21649
21665
21670
21674
21684
21696
21698
21709
21712
21720
21728
21734
21736
21738
21747
21750
21753
21776
21782
21789
21791
21806
21810
21813
21834
21837
21840
21845
21846
21849
21850
21855
21858
21861
21867
21880
21881
21885
21887
21894
21906
21920
21938
21949
21956
21957
21964
21968
21986
21987
22006
22011
22024
22026
22029
22037
22038
22039
22046
22049
22059
22064
22071
22075
22077
22078
22083
22088
22090
22097
22098
22109
22110
22112
22113
22126
22130
22143
22145
22149
22150
22153
22154
22169
22176
22177
22182
22191
22196
22202
22203
22210
22217
22224
22229
22248
22253
22255
22258
22269
22278
22288
22298
22314
22324
22337
22349
22350
22356
22358
22371
22387
22390
22399
22406
22411
22412
22413
22416
22430
22440
22441
22447
22449
22457
22461
22469
22471
22480
22485
22488
22492
22500
22503
22504
22526
22527
22536
22545
22560
22569
22572
22578
22581
22582
22585
22591
22598
22608
22611
22630
22640
22643
22644
22648
22653
22654
22655
22657
22661
22662
22664
22669
22682
22684
22688
22689
22690
22695
22702
22739
22740
22742
22745
22747
22749
22750
22753
22755
22765
22768
22770
22772
22787
22796
22797
22812
22831
22851
22856
22858
22859
22861
22866
22868
22870
22872
22875
22877
22882
22886
22888
22893
22895
22897
22905
22915
22916
22919
22927
22929
22930
22936
22945
22960
22970
22985
22994
22996
23004
23014
23015
23025
23037
23040
23041
23045
23059
23064
23066
23101
23106
23110
23113
23114
23119
23121
23123
23146
23163
23171
23174
23184
23185
23189
23193
23194
23202
23204
23227
23237
23242
23254
23256
23264
23267
23275
23276
23284
23287
23300
23314
23326
23328
23343
23351
23369
23370
23393
23396
23398
23400
23405
23416
23434
23444
23451
23454
23468
23476
23486
23488
23494
23497
23500
23511
23514
23543
23546
23550
23551
23560
23566
23574
23586
23589
23610
23611
23620
23621
23636
23654
23663
23664
23667
23681
23682
23687
23696
23705
23720
23740
23752
23777
23780
23793
23794
23796
23805
23827
23848
23859
23861
23862
23864
23873
23879
23891
23898
23911
23922
23932
23946
23954
23964
23970
23982
23986
23991
23999
24000
24002
24003
24006
24021
24024
24039
24040
24045
24052
24053
24058
24062
24065
24070
24084
24091
24093
24100
24101
24104
24124
24137
24138
24143
24145
24152
24155
24168
24171
24179
24186
24188
24189
24194
24197
24205
24206
24208
24212
24233
24234
24240
24244
24251
24254
24260
24263
24265
24270
24273
24276
24281
24282
24291
24295
24298
24300
24301
24311
24313
24315
24334
24337
24341
24358
24359
24363
24366
24368
24369
24372
24378
24386
24391
24395
24398
24418
24426
24431
24448
24451
24452
24454
24459
24460
24462
24489
24508
24510
24520
24522
24531
24533
24539
24555
24556
24558
24565
24566
24576
24579
24586
24590
24593
24606
24629
24631
24632
24634
24647
24648
24654
24658
24659
24660
24670
24678
24682
24698
24702
24708
24709
24711
24718
24720
24721
24724
24730
24735
24737
24738
24746
24752
24767
24776
24777
24787
24795
24796
24801
24802
24803
24806
24808
24818
24822
24826
24831
24836
24846
24847
24857
24861
24870
24872
24881
24882
24894
24897
24898
24907
24908
24918
24923
24930
24936
24943
24947
24948
24951
24964
24968
24971
24972
24974
24988
24997
24998
25008
25014
25020
25024
25044
25055
25065
25066
25069
25070
25074
25084
25088
25097
25106
25108
25115
25117
25133
25137
25148
25149
25164
25167
25175
25183
25184
25192
25194
25200
25201
25210
25211
25218
25219
25229
25238
25239
25244
25248
25255
25259
25260
25274
25289
25290
25295
25297
25300
25303
25325
25332
25334
25348
25352
25358
25359
25363
25375
25384
25395
25404
25406
25411
25417
25433
25438
25455
25458
25477
25487
25495
25499
25500
25510
25513
25529
25531
25538
25556
25559
25569
25576
25579
25580
25583
25584
25591
25598
25604
25628
25637
25643
25655
25656
25674
25680
25683
25685
25688
25689
25691
25695
25701
25702
25713
25729
25740
25748
25749
25762
25767
25770
25773
25777
25781
25799
25805
25808
25818
25823
25845
25846
25868
25869
25870
25873
25879
25885
25898
25900
25911
25912
25935
25964
25981
25988
25989
25992
25994
25999
26006
26009
26011
26017
26020
26021
26045
26054
26060
26065
26075
26080
26082
26085
26086
26095
26103
26111
26114
26116
26118
26128
26136
26142
26143
26146
26155
26156
26166
26171
26173
26175
26176
26185
26190
26191
26196
26198
26213
26215
26216
26219
26239
26241
26246
26247
26249
26260
26267
26276
26277
26280
26282
26284
26289
26290
26299
26305
26315
26318
26323
26335
26340
26346
26348
26353
26366
26370
26371
26389
26391
26399
26401
26407
26408
26409
26414
26416
26428
26433
26434
26435
26443
26447
26457
26459
26469
26472
26477
26484
26486
26488
26493
26506
26507
26509
26511
26521
26531
26532
26533
26539
26546
26555
26556
26561
26564
26572
26577
26585
26606
26609
26612
26613
26620
26622
26648
26652
26666
26672
26693
26695
26697
26703
26710
26730
26738
26750
26755
26760
26765
26778
26782
26783
26787
26800
26805
26806
26809
26812
26826
26827
26839
26846
26849
26858
26862
26872
26874
26882
26887
26890
26891
26892
26894
26898
26906
26921
26934
26940
26944
26947
26953
26959
26961
26962
26964
26965
26980
26982
26989
26992
26998
26999
27009
27011
27012
27034
27039
27043
27070
27073
27080
27089
27100
27102
27106
27119
27120
27124
27125
27127
27130
27133
27138
27142
27153
27157
27158
27163
27174
27180
27183
27185
27189
27195
27200
27203
27206
27208
27231
27233
27235
27241
27246
27248
27256
27261
27283
27284
27286
27289
27294
27297
27300
27306
27313
27327
27333
27342
27347
27350
27351
27353
27361
27368
27374
27379
27389
27392
27393
27401
27402
27404
27411
27413
27415
27424
27425
27457
27462
27464
27465
27466
27467
27478
27486
27504
27512
27520
27522
27525
27527
27532
27539
27540
27545
27570
27574
27582
27583
27591
27594
27607
27616
27622
27624
27633
27638
27657
27678
27687
27702
27706
27707
27710
27728
27729
27731
27737
27750
27752
27753
27772
27782
27783
27792
27794
27795
27809
27813
27821
27822
27841
27843
27851
27858
27866
27874
27877
27880
27896
27897
27898
27900
27909
27910
27912
27920
27926
27927
27931
27936
27951
27955
27959
27963
27973
27976
27978
27982
27986
27989
27990
27999
28001
28006
28008
28010
28017
28018
28028
28049
28059
28065
28069
28076
28081
28083
28094
28095
28105
28125
28140
28145
28146
28148
28157
28161
28168
28187
28188
28192
28203
28222
28223
28225
28238
28262
28297
28298
28300
28303
28304
28305
28310
28314
28328
28332
28335
28340
28347
28377
28384
28388
28399
28411
28415
28419
28434
28446
28449
28450
28453
28455
28457
28460
28463
28470
28478
28481
28482
28486
28490
28500
28501
28518
28524
28527
28534
28538
28541
28554
28556
28572
28578
28581
28582
28583
28597
28605
28611
28620
28628
28637
28649
28655
28672
28673
28689
28694
28701
28710
28712
28718
28721
28728
28735
28748
28752
28777
28784
28789
28790
28791
28793
28800
28807
28814
28816
28819
28825
28831
28834
28852
28856
28865
28876
28878
28879
28881
28900
28901
28905
28922
28927
28937
28943
28946
28947
28948
28949
28952
28954
28957
28960
28965
28967
28968
28972
28980
28984
28989
28996
29011
29028
29040
29042
29052
29053
29060
29067
29069
29101
29107
29111
29135
29139
29142
29144
29145
29146
29155
29156
29162
29170
29176
29185
29194
29198
29204
29205
29212
29217
29220
29223
29230
29233
29234
29235
29239
29247
29250
29260
29265
29269
29286
29289
29291
29304
29320
29334
29335
29338
29342
29347
29350
29366
29367
29371
29376
29388
29392
29402
29404
29412
29418
29424
29429
29430
29432
29433
29435
29437
29466
29467
29471
29472
29481
29482
29492
29499
29500
29508
29521
29528
29533
29546
29562
29571
29581
29586
29592
29593
29603
29608
29623
29637
29646
29651
29653
29662
29667
29669
29688
29689
29705
29707
29708
29724
29729
29743
29747
29752
29754
29756
29761
29762
29764
29767
29772
29781
29791
29794
29799
29802
29814
29816
29820
29823
29836
29851
29855
29863
29876
29882
29888
29889
29896
29903
29908
29909
29921
29926
29933
29936
29940
29944
29946
29970
29980
29989
29998
30006
30024
30028
30040
30060
30066
30079
30080
30085
30093
30101
30102
30125
30133
30142
30144
30146
30149
30151
30152
30155
30160
30163
30174
30175
30178
30189
30199
30205
30208
30212
30235
30239
30241
30248
30272
30278
30283
30284
30288
30298
30299
30303
30304
30315
30319
30343
30344
30350
30363
30369
30381
30385
30388
30393
30402
30407
30409
30439
30445
30451
30453
30460
30461
30465
30467
30475
30480
30486
30488
30489
30493
30494
30497
30502
30505
30508
30513
30533
30534
30537
30548
30554
30555
30558
30564
30568
30575
30577
30594
30602
30604
30607
30621
30623
30629
30630
30631
30640
30664
30665
30667
30669
30672
30674
30685
30691
30692
30696
30697
30701
30706
30707
30709
30718
30727
30732
30733
30734
30792
30799
30801
30802
30815
30843
30845
30847
30850
30853
30857
30860
30863
30873
30876
30889
30897
30912
30913
30920
30921
30922
30930
30937
30938
30941
30944
30946
30951
30953
30957
30961
30967
30969
30988
31000
31010
31018
31024
31030
31033
31053
31065
31085
31091
31094
31096
31098
31103
31107
31110
31118
31125
31142
31144
31146
31147
31149
31153
31155
31161
31163
31168
31170
31176
31178
31179
31192
31196
31203
31204
31209
31218
31226
31231
31241
31243
31250
31258
31259
31260
31267
31268
31269
31271
31273
31285
31286
31290
31291
31299
31308
31315
31338
31342
31343
31349
31351
31352
31354
31361
31362
31370
31373
31391
31393
31406
31425
31431
31435
31441
31451
31454
31462
31465
31473
31474
31482
31484
31489
31505
31514
31517
31524
31526
31527
31541
31549
31556
31561
31562
31568
31583
31584
31585
31589
31606
31608
31617
31618
31628
31631
31637
31646
31649
31651
31659
31660
31662
31669
31676
31677
31680
31683
31685
31686
31689
31702
31709
31712
31714
31715
31716
31730
31740
31744
31748
31754
31755
31758
31765
31766
31790
31804
31813
31817
31826
31828
31830
31842
31843
31848
31852
31855
31857
31865
31869
31891
31902
31905
31937
31938
31943
31944
31952
31959
31960
31969
31983
31987
32030
32037
32040
32042
32049
32054
32057
32064
32067
32078
32080
32082
32102
32109
32114
32118
32119
32122
32128
32129
32130
32140
32146
32153
32171
32176
32177
32179
32181
32188
32190
32191
32192
32196
32197
32198
32200
32222
32230
32239
32241
32251
32257
32264
32288
32291
32298
32316
32321
32323
32329
32356
32359
32370
32388
32390
32404
32412
32418
32454
32455
32457
32459
32470
32479
32481
32487
32488
32492
32496
32505
32511
32520
32539
32540
32549
32554
32569
32582
32584
32585
32588
32598
32611
32615
32626
32632
32643
32646
32650
32653
32662
32668
32669
32677
32684
32688
32711
32721
32727
32728
32731
32734
32748
32761
32766
32776
32777
32779
32780
32781
32784
32785
32795
32826
32831
32836
32843
32845
32847
32852
32854
32855
32865
32870
32877
32885
32886
32887
32888
32902
32904
32905
32908
32913
32918
32922
32926
32928
32935
32941
32950
32963
32964
32975
32985
32998
33010
33032
33039
33049
33060
33061
33064
33065
33074
33079
33094
33098
33115
33118
33120
33123
33129
33139
33145
33159
33167
33176
33179
33186
33190
33196
33198
33200
33209
33221
33223
33236
33241
33248
33252
33259
33263
33274
33282
33296
33304
33308
33312
33331
33335
33339
33346
33360
33362
33366
33370
33371
33374
33383
33396
33402
33406
33408
33423
33431
33457
33459
33469
33471
33472
33474
33477
33485
33486
33501
33509
33522
33530
33537
33542
33550
33572
33582
33595
33601
33604
33607
33609
33620
33621
33629
33632
33637
33639
33648
33652
33662
33664
33668
33669
33675
33683
33688
33704
33711
33730
33733
33738
33744
33747
33755
33756
33788
33792
33797
33798
33810
33814
33822
33823
33826
33833
33836
33842
33846
33852
33856
33859
33860
33866
33867
33870
33876
33879
33886
33890
33892
33895
33902
33904
33922
33925
33931
33937
33945
33963
33972
33976
33981
33986
34017
34031
34037
34039
34043
34044
34046
34047
34050
34053
34068
34071
34077
34078
34082
34087
34089
34090
34092
34093
34098
34102
34106
34110
34112
34113
34118
34122
34126
34135
34146
34150
34151
34153
34161
34182
34192
34193
34201
34202
34223
34225
34230
34235
34248
34249
34260
34261
34265
34268
34272
34277
34278
34285
34305
34307
34309
34312
34330
34341
34342
34351
34361
34370
34387
34406
34407
34409
34414
34415
34424
34429
34432
34433
34436
34443
34444
34450
34451
34458
34475
34476
34478
34479
34481
34483
34488
34503
34505
34510
34513
34525
34527
34528
34532
34537
34544
34545
34554
34560
34562
34567
34571
34583
34584
34595
34599
34609
34619
34626
34628
34635
34636
34645
34656
34674
34692
34695
34700
34707
34713
34724
34731
34736
34740
34754
34755
34762
34764
34766
34775
34781
34794
34807
34817
34818
34820
34825
34829
34831
34833
34850
34857
34863
34864
34866
34888
34889
34893
34895
34901
34912
34916
34929
34941
34947
34952
34966
34972
34974
34979
34982
34987
34995
35001
35007
35018
35019
35021
35026
35028
35034
35037
35040
35043
35062
35065
35068
35081
35087
35089
35094
35095
35098
35102
35107
35112
35124
35125
35129
35138
35147
35149
35150
35154
35186
35187
35200
35209
35213
35220
35221
35224
35234
35266
35270
35274
35279
35284
35285
35286
35304
35306
35311
35314
35321
35326
35327
35341
35348
35354
35355
35375
35383
35385
35394
35399
35401
35405
35415
35417
35434
35441
35442
35443
35447
35448
35462
35465
35468
35470
35471
35476
35485
35489
35491
35497
35500
35501
35515
35527
35541
35543
35544
35546
35552
35555
35570
35576
35577
35579
35580
35582
35583
35591
35595
35600
35627
35628
35629
35630
35640
35642
35654
35656
35662
35664
35667
35671
35675
35678
35679
35680
35683
35691
35699
35700
35716
35720
35730
35739
35740
35743
35755
35758
35765
35774
35777
35784
35786
35796
35802
35803
35805
35808
35811
35814
35823
35825
35844
35846
35851
35852
35857
35868
35875
35879
35887
35898
35903
35921
35927
35928
35930
35932
35935
35942
35973
35975
35982
35990
35993
35996
36000
36009
36016
36019
36028
36029
36031
36032
36033
36042
36043
36044
36045
36049
36055
36058
36060
36073
36079
36080
36085
36087
36119
36126
36132
36144
36155
36157
36160
36164
36166
36178
36194
36195
36198
36199
36200
36209
36218
36225
36226
36235
36240
36248
36250
36252
36253
36255
36262
36263
36264
36270
36283
36300
36304
36310
36318
36319
36322
36323
36325
36326
36328
36333
36336
36338
36345
36349
36358
36360
36362
36370
36383
36384
36387
36388
36391
36394
36399
36400
36404
36408
36409
36415
36416
36418
36420
36427
36428
36434
36441
36443
36445
36447
36461
36464
36467
36469
36479
36483
36484
36495
36500
36501
36515
36519
36524
36529
36534
36540
36548
36552
36559
36567
36570
36585
36586
36588
36592
36595
36600
36602
36615
36644
36646
36647
36652
36658
36664
36665
36668
36674
36689
36700
36719
36722
36748
36749
36757
36764
36782
36787
36801
36812
36821
36841
36844
36851
36857
36869
36876
36877
36881
36883
36909
36921
36925
36934
36939
36942
36943
36945
36947
36955
36958
36959
36960
36971
36996
36997
37008
37011
37014
37018
37023
37028
37041
37047
37050
37061
37074
37100
37116
37119
37130
37136
37140
37141
37142
37162
37165
37167
37176
37178
37182
37183
37184
37194
37219
37235
37246
37250
37254
37257
37279
37281
37283
37286
37288
37291
37294
37296
37323
37328
37334
37338
37349
37352
37355
37361
37365
37367
37368
37381
37384
37392
37394
37435
37450
37457
37460
37462
37469
37470
37478
37479
37482
37483
37489
37506
37514
37515
37517
37520
37522
37525
37526
37546
37574
37580
37595
37596
37599
37600
37605
37609
37610
37615
37616
37619
37631
37644
37653
37655
37666
37670
37673
37685
37695
37699
37704
37706
37708
37717
37718
37724
37725
37727
37734
37741
37742
37745
37747
37751
37752
37782
37784
37788
37792
37795
37797
37812
37818
37849
37851
37854
37865
37882
37885
37886
37890
37891
37895
37906
37912
37920
37924
37925
37933
37938
37940
37941
37942
37945
37946
37949
37952
37992
37996
38004
38017
38019
38020
38029
38032
38033
38035
38039
38041
38048
38052
38054
38064
38070
38071
38078
38091
38095
38096
38098
38099
38105
38114
38123
38134
38151
38158
38164
38166
38172
38174
38181
38190
38191
38206
38216
38222
38227
38237
38249
38261
38268
38278
38283
38301
38307
38310
38316
38318
38320
38328
38330
38336
38337
38347
38349
38350
38352
38357
38378
38379
38384
38387
38388
38390
38394
38397
38398
38408
38411
38424
38430
38438
38442
38443
38456
38459
38461
38478
38484
38489
38504
38508
38517
38520
38524
38534
38535
38537
38540
38542
38544
38545
38551
38552
38566
38568
38586
38592
38605
38609
38619
38639
38645
38651
38653
38654
38660
38669
38686
38690
38693
38696
38714
38716
38733
38735
38736
38742
38756
38761
38762
38769
38783
38795
38820
38830
38849
38864
38873
38878
38884
38886
38887
38904
38915
38919
38921
38928
38931
38933
38939
38955
38956
38958
38962
38966
38968
38984
38995
39008
39012
39016
39017
39018
39036
39046
39051
39052
39056
39057
39062
39063
39066
39075
39079
39082
39093
39094
39102
39121
39122
39124
39127
39130
39133
39144
39153
39159
39161
39162
39163
39175
39178
39188
39192
39194
39198
39202
39205
39208
39217
39233
39235
39239
39240
39244
39248
39250
39255
39258
39259
39260
39265
39267
39271
39282
39295
39301
39307
39315
39316
39321
39333
39338
39363
39366
39371
39373
39377
39379
39384
39387
39392
39394
39404
39405
39406
39410
39411
39417
39419
39420
39421
39425
39429
39436
39450
39460
39461
39462
39470
39482
39490
39492
39501
39504
39506
39509
39511
39512
39513
39520
39523
39524
39525
39527
39532
39541
39543
39551
39555
39559
39564
39571
39575
39578
39579
39583
39591
39592
39598
39615
39617
39619
39633
39642
39664
39678
39683
39696
39704
39707
39709
39724
39728
39732
39733
39737
39741
39748
39751
39755
39756
39770
39773
39776
39779
39782
39790
39802
39813
39832
39834
39837
39855
39859
39862
39869
39872
39877
39892
39900
39906
39920
39924
39925
39926
39930
39931
39957
39976
39979
39984
39987
39994
39995
40001
40002
40012
40015
40016
40020
40022
40027
40033
40057
40060
40081
40083
40097
40100
40103
40107
40120
40132
40133
40134
40138
40148
40159
40160
40163
40166
40173
40174
40177
40204
40218
40226
40234
40237
40238
40239
40248
40252
40254
40255
40258
40267
40274
40278
40296
40305
40310
40324
40342
40354
40364
40365
40367
40375
40379
40386
40387
40391
40399
40403
40406
40407
40408
40435
40439
40442
40451
40453
40455
40459
40477
40478
40484
40489
40499
40515
40517
40525
40535
40537
40550
40551
40556
40558
40561
40565
40569
40580
40581
40582
40583
40595
40596
40598
40601
40606
40607
40618
40624
40625
40627
40628
40631
40632
40641
40643
40644
40646
40648
40653
40658
40667
40669
40676
40682
40689
40699
40704
40719
40725
40732
40733
40738
40747
40753
40763
40771
40776
40779
40787
40833
40844
40849
40851
40854
40858
40863
40871
40879
40880
40883
40884
40887
40889
40895
40896
40899
40908
40913
40915
40920
40928
40932
40953
40956
40968
40970
40980
40982
40985
40991
40992
40993
40996
41004
41006
41010
41027
41032
41033
41038
41050
41053
41054
41057
41070
41074
41100
41109
41119
41120
41122
41127
41130
41134
41139
41143
41159
41181
41197
41208
41224
41230
41236
41243
41265
41269
41304
41315
41325
41339
41341
41362
41375
41382
41384
41400
41405
41406
41426
41427
41428
41430
41434
41435
41440
41444
41458
41459
41465
41468
41474
41479
41489
41493
41504
41509
41512
41517
41532
41536
41540
41546
41549
41551
41554
41561
41574
41588
41606
41609
41612
41618
41622
41641
41644
41650
41653
41654
41655
41678
41697
41700
41702
41703
41713
41714
41725
41734
41735
41740
41741
41743
41757
41758
41761
41769
41787
41795
41796
41799
41807
41809
41834
41839
41842
41847
41851
41852
41857
41864
41867
41868
41874
41875
41886
41890
41892
41893
41896
41897
41898
41899
41915
41916
41918
41920
41940
41944
41945
41966
41969
41971
41990
41994
41996
41999
42000
42002
42006
42013
42014
42016
42018
42031
42036
42039
42040
42041
42048
42054
42075
42081
42103
42104
42106
42120
42122
42142
42143
42144
42149
42153
42158
42159
42163
42169
42174
42177
42180
42186
42192
42196
42200
42201
42207
42219
42230
42237
42242
42248
42254
42256
42266
42275
42278
42280
42304
42310
42315
42330
42331
42346
42354
42362
42363
42374
42375
42388
42392
42395
42398
42400
42401
42404
42411
42414
42415
42423
42428
42429
42449
42452
42463
42483
42486
42487
42492
42499
42500
42504
42511
42520
42522
42536
42541
42544
42547
42548
42549
42551
42553
42559
42560
42562
42573
42587
42589
42595
42596
42616
42618
42623
42632
42641
42651
42656
42666
42673
42691
42692
42696
42698
42699
42703
42720
42722
42728
42764
42765
42771
42779
42780
42787
42790
42792
42793
42797
42812
42818
42828
42830
42838
42843
42845
42857
42866
42867
42869
42871
42883
42909
42911
42912
42915
42923
42929
42947
42983
43012
43014
43028
43034
43037
43040
43046
43048
43054
43057
43058
43067
43074
43077
43080
43088
43092
43093
43094
43107
43109
43113
43126
43127
43128
43132
43139
43150
43152
43166
43176
43200
43204
43207
43208
43209
43213
43218
43233
43243
43246
43255
43263
43264
43266
43274
43311
43314
43339
43344
43345
43353
43360
43377
43379
43388
43396
43397
43402
43405
43408
43410
43411
43412
43418
43433
43434
43440
43444
43447
43452
43458
43459
43462
43466
43471
43477
43487
43493
43501
43504
43507
43519
43524
43529
43536
43542
43547
43549
43560
43564
43565
43567
43584
43590
43605
43608
43611
43632
43647
43661
43663
43665
43666
43669
43677
43681
43682
43683
43691
43692
43698
43723
43727
43738
43741
43745
43748
43752
43753
43768
43777
43786
43791
43793
43799
43802
43812
43814
43815
43821
43826
43832
43861
43865
43866
43872
43879
43882
43885
43887
43893
43895
43897
43904
43911
43915
43926
43931
43933
43942
43944
43949
43951
43958
43961
43972
43973
43981
43985
43988
44000
44012
44020
44023
44026
44036
44045
44047
44056
44058
44060
44067
44073
44074
44077
44081
44084
44085
44090
44098
44120
44123
44135
44136
44146
44149
44150
44152
44159
44166
44169
44175
44178
44179
44182
44187
44193
44195
44196
44198
44200
44205
44206
44220
44235
44241
44242
44256
44259
44260
44261
44272
44277
44286
44290
44295
44321
44323
44341
44357
44362
44365
44371
44374
44381
44384
44392
44395
44404
44405
44410
44416
44417
44421
44426
44436
44437
44439
44443
44453
44454
44462
44467
44473
44474
44479
44490
44496
44503
44505
44506
44510
44526
44528
44535
44537
44540
44546
44553
44557
44566
44574
44577
44581
44587
44589
44599
44601
44609
44612
44615
44627
44653
44666
44667
44681
44684
44688
44700
44706
44717
44721
44726
44746
44755
44757
44759
44769
44774
44788
44794
44803
44830
44831
44840
44843
44849
44857
44858
44872
44873
44879
44881
44885
44896
44901
44908
44910
44914
44916
44923
44924
44932
44935
44948
44954
44958
44959
44962
44964
44967
44970
45002
45010
45026
45030
45033
45036
45058
45070
45078
45103
45106
45113
45116
45120
45121
45151
45158
45165
45172
45180
45182
45184
45192
45194
45196
45197
45203
45204
45215
45228
45231
45237
45250
45255
45262
45263
45267
45272
45274
45275
45283
45291
45301
45302
45307
45309
45332
45336
45348
45349
45360
45368
45373
45374
45385
45386
45391
45393
45408
45411
45412
45413
45416
45420
45421
45428
45431
45433
45450
45472
45475
45476
45480
45485
45491
45496
45503
45504
45532
45538
45553
45554
45557
45561
45565
45566
45588
45595
45596
45597
45612
45625
45637
45644
45649
45653
45658
45665
45670
45673
45680
45691
45702
45721
45727
45730
45731
45735
45740
45742
45744
45746
45756
45762
45765
45769
45777
45788
45791
45792
45797
45799
45801
45809
45813
45826
45836
45848
45849
45851
45853
45855
45868
45885
45897
45909
45913
45915
45927
45933
45938
45940
45941
45962
45979
45983
45986
45987
45998
46013
46023
46025
46028
46029
46034
46042
46064
46068
46080
46083
46102
46110
46116
46126
46129
46131
46134
46135
46140
46142
46145
46161
46172
46174
46175
46183
46189
46191
46195
46210
46219
46220
46225
46226
46228
46229
46237
46238
46246
46255
46257
46261
46263
46267
46272
46275
46279
46282
46299
46301
46308
46309
46313
46325
46332
46336
46343
46349
46350
46351
46352
46356
46360
46363
46365
46371
46377
46378
46381
46385
46392
46400
46403
46407
46412
46414
46415
46420
46427
46428
46429
46430
46453
46457
46467
46474
46480
46481
46493
46497
46500
46510
46517
46533
46542
46547
46550
46556
46558
46563
46570
46574
46579
46588
46603
46604
46609
46610
46619
46630
46631
46638
46644
46647
46652
46655
46658
46665
46667
46670
46673
46679
46692
46694
46699
46707
46716
46726
46730
46731
46734
46746
46755
46760
46774
46779
46784
46785
46800
46802
46806
46807
46809
46811
46823
46832
46833
46834
46839
46842
46846
46848
46849
46850
46859
46867
46882
46885
46886
46887
46889
46890
46908
46921
46924
46926
46929
46930
46934
46940
46946
46952
46956
46963
46964
46966
46967
46981
46983
46984
46993
46998
46999
47001
47011
47012
47018
47029
47036
47037
47046
47049
47050
47055
47072
47075
47078
47084
47086
47093
47102
47105
47106
47107
47126
47141
47143
47145
47148
47158
47168
47169
47197
47206
47208
47209
47230
47247
47254
47260
47266
47272
47273
47274
47286
47288
47294
47302
47304
47307
47315
47320
47340
47343
47351
47356
47360
47377
47389
47398
47400
47415
47420
47422
47426
47428
47429
47450
47456
47457
47463
47465
47474
47475
47476
47478
47480
47484
47497
47505
47507
47510
47522
47534
47536
47539
47556
47561
47564
47567
47577
47582
47586
47599
47603
47613
47618
47619
47620
47642
47655
47664
47674
47685
47692
47706
47709
47710
47711
47716
47717
47738
47745
47750
47765
47770
47782
47797
47799
47807
47834
47835
47842
47843
47845
47846
47858
47879
47893
47897
47898
47905
47909
47911
47924
47925
47931
47942
47945
47947
47948
47949
47953
47961
47963
47968
47983
47995
47996
48006
48012
48024
48033
48040
48049
48068
48073
48077
48080
48099
48120
48127
48128
48133
48140
48152
48154
48156
48170
48174
48177
48179
48191
48209
48257
48267
48268
48269
48275
48285
48292
48296
48299
48300
48302
48303
48313
48327
48331
48332
48346
48358
48362
48364
48367
48368
48373
48374
48375
48388
48391
48392
48399
48411
48416
48429
48430
48437
48439
48442
48447
48455
48458
48470
48472
48473
48481
48483
48487
48489
48491
48498
48501
48505
48510
48515
48516
48529
48530
48535
48552
48560
48564
48580
48587
48592
48596
48606
48611
48615
48617
48622
48628
48633
48639
48646
48653
48655
48657
48669
48670
48671
48674
48675
48679
48690
48693
48694
48702
48703
48712
48717
48719
48720
48728
48730
48735
48736
48750
48770
48775
48776
48778
48788
48792
48805
48806
48809
48811
48815
48823
48825
48830
48832
48835
48836
48858
48859
48862
48882
48886
48890
48919
48925
48932
48937
48941
48947
48953
48954
48955
48963
48985
48987
48989
48991
49003
49009
49011
49012
49027
49035
49038
49039
49043
49046
49048
49053
49064
49070
49071
49072
49091
49092
49094
49107
49108
49114
49129
49135
49137
49138
49142
49148
49149
49160
49170
49171
49176
49186
49211
49217
49219
49229
49257
49274
49278
49279
49281
49284
49287
49298
49322
49334
49347
49351
49359
49361
49364
49371
49374
49380
49392
49397
49408
49410
49422
49428
49443
49444
49449
49454
49458
49459
49465
49471
49473
49476
49480
49484
49490
49491
49493
49495
49509
49518
49522
49524
49525
49533
49557
49558
49566
49589
49593
49604
49614
49634
49635
49638
49670
49672
49675
49678
49687
49689
49694
49701
49705
49708
49732
49745
49752
49756
49758
49759
49767
49769
49772
49777
49784
49786
49787
49790
49802
49806
49809
49821
49827
49828
49845
49846
49853
49855
49856
49861
49875
49879
49880
49886
49905
49910
49912
49914
49915
49919
49923
49924
49926
49935
49937
49940
49942
49948
49956
49960
49961
49972
49977
49984
49990
49992
49999
50000
50009
50010
50018
50019
50026
50031
50033
50037
50039
50053
50067
50075
50078
50080
50082
50084
50087
50089
50090
50097
50100
50108
50121
50128
50133
50157
50161
50162
50167
50179
50180
50189
50191
50192
50195
50199
50201
50203
50207
50210
50216
50230
50231
50233
50247
50249
50252
50253
50262
50264
50269
50272
50290
50291
50292
50311
50316
50327
50342
50344
50353
50359
50362
50368
50373
50381
50387
50403
50404
50405
50409
50424
50426
50430
50445
50457
50461
50463
50468
50482
50485
50492
50493
50503
50511
50529
50536
50538
50549
50553
50559
50560
50564
50565
50576
50577
50587
50604
50616
50622
50627
50633
50634
50644
50647
50650
50652
50660
50662
50672
50680
50682
50690
50699
50708
50710
50712
50727
50734
50744
50766
50767
50770
50775
50776
50789
50791
50797
50803
50806
50815
50833
50836
50852
50859
50862
50863
50868
50869
50879
50882
50884
50885
50888
50895
50902
50912
50913
50919
50921
50926
50927
50936
50945
50950
50953
50959
50968
50976
50980
50982
50987
50988
50995
50996
51010
51023
51030
51031
51034
51036
51043
51044
51048
51049
51050
51056
51057
51082
51083
51087
51090
51092
51095
51096
51101
51110
51112
51114
51130
51133
51142
51155
51159
51164
51172
51181
51184
51185
51196
51197
51202
51206
51210
51213
51219
51228
51241
51247
51250
51258
51260
51286
51288
51300
51302
51312
51315
51318
51319
51320
51351
51361
51362
51364
51366
51369
51389
51396
51398
51399
51402
51429
51438
51443
51444
51445
51455
51456
51462
51465
51467
51472
51473
51474
51475
51481
51492
51499
51508
51510
51511
51527
51532
51533
51541
51544
51546
51547
51549
51551
51560
51565
51567
51571
51579
51581
51589
51593
51601
51608
51617
51620
51631
51632
51636
51657
51659
51663
51672
51679
51685
51689
51691
51692
51705
51707
51715
51727
51729
51732
51734
51737
51740
51742
51743
51751
51765
51769
51774
51775
51780
51783
51785
51791
51795
51796
51803
51805
51809
51817
51821
51822
51838
51841
51849
51864
51872
51874
51882
51891
51892
51904
51908
51916
51921
51933
51935
51940
51946
51953
51954
51956
51960
51962
51964
51966
51971
51981
51983
51991
51998
51999
52008
52013
52014
52016
52031
52038
52043
52044
52048
52054
52056
52082
52096
52100
52101
52103
52107
52118
52121
52128
52136
52137
52148
52156
52157
52161
52163
52167
52169
52174
52177
52185
52192
52201
52211
52215
52217
52219
52226
52230
52236
52239
52243
52245
52248
52249
52250
52251
52254
52258
52265
52275
52281
52282
52287
52305
52307
52311
52320
52321
52331
52335
52359
52367
52370
52373
52375
52386
52389
52392
52393
52396
52397
52399
52403
52404
52405
52406
52416
52421
52431
52432
52438
52451
52453
52457
52462
52469
52476
52485
52489
52491
52511
52512
52537
52538
52544
52555
52557
52562
52564
52566
52575
52582
52587
52589
52598
52614
52615
52616
52619
52621
52624
52628
52629
52638
52650
52664
52674
52675
52679
52681
52690
52700
52709
52710
52713
52718
52722
52726
52733
52735
52746
52749
52752
52764
52789
52791
52803
52810
52821
52830
52831
52834
52837
52851
52854
52859
52861
52866
52867
52877
52883
52887
52888
52889
52891
52896
52907
52924
52928
52931
52954
52955
52956
52976
52986
52998
53006
53010
53012
53014
53015
53036
53038
53045
53047
53048
53052
53054
53064
53069
53087
53091
53097
53104
53112
53126
53127
53147
53149
53152
53153
53155
53157
53159
53168
53174
53181
53183
53189
53197
53198
53203
53207
53218
53220
53222
53226
53227
53247
53258
53260
53275
53280
53281
53288
53294
53302
53310
53325
53327
53330
53345
53359
53364
53365
53366
53367
53375
53377
53381
53387
53396
53401
53429
53442
53461
53466
53470
53480
53486
53492
53499
53504
53513
53523
53534
53545
53549
53553
53556
53563
53567
53574
53583
53585
53587
53592
53596
53603
53604
53618
53630
53632
53635
53647
53654
53669
53673
53678
53679
53683
53691
53693
53699
53702
53710
53713
53716
53725
53731
53734
53744
53746
53755
53759
53761
53764
53780
53789
53790
53795
53799
53805
53809
53821
53828
53831
53843
53844
53845
53852
53857
53864
53865
53868
53876
53882
53885
53886
53888
53889
53894
53903
53906
53914
53923
53948
53950
53955
53961
53968
53975
53977
53980
54003
54004
54005
54008
54021
54027
54031
54032
54033
54038
54039
54043
54046
54059
54060
54064
54068
54070
54071
54073
54074
54077
54078
54080
54082
54088
54098
54101
54102
54106
54108
54110
54112
54113
54114
54121
54127
54129
54132
54140
54149
54153
54161
54169
54172
54176
54183
54206
54208
54210
54222
54230
54240
54245
54253
54256
54260
54263
54264
54267
54282
54285
54286
54291
54294
54301
54304
54307
54309
54311
54326
54338
54345
54350
54351
54352
54368
54385
54405
54406
54409
54434
54452
54455
54459
54460
54462
54471
54481
54486
54498
54507
54519
54521
54524
54534
54542
54545
54547
54551
54554
54560
54566
54592
54596
54600
54602
54613
54617
54621
54623
54629
54634
54638
54643
54644
54646
54650
54652
54653
54666
54681
54687
54692
54693
54694
54703
54730
54735
54745
54752
54753
54754
54758
54770
54793
54794
54799
54800
54809
54811
54812
54820
54822
54830
54839
54843
54848
54854
54863
54879
54881
54889
54890
54914
54916
54920
54933
54934
54940
54942
54947
54950
54953
54959
54964
54968
54977
54978
54983
54989
54990
54995
55000
55001
55006
55009
55018
55025
55030
55037
55056
55057
55065
55071
55074
55077
55086
55099
55107
55140
55162
55165
55166
55176
55177
55189
55196
55200
55210
55217
55221
55228
55233
55249
55250
55256
55264
55276
55282
55285
55312
55316
55321
55323
55325
55331
55335
55339
55348
55349
55363
55366
55368
55371
55385
55396
55401
55406
55412
55416
55418
55422
55429
55441
55453
55477
55484
55489
55499
55514
55519
55524
55527
55539
55541
55542
55562
55564
55566
55577
55578
55580
55599
55600
55604
55612
55617
55632
55638
55639
55640
55668
55669
55672
55673
55674
55683
55694
55696
55699
55701
55704
55715
55739
55754
55763
55764
55768
55776
55778
55780
55791
55801
55805
55810
55815
55818
55826
55829
55835
55843
55848
55852
55853
55855
55856
55860
55865
55866
55882
55883
55889
55893
55894
55906
55912
55918
55926
55927
55931
55932
55937
55939
55940
55948
55955
55958
55961
55969
55972
55979
55985
55998
55999
56003
56009
56011
56021
56025
56027
56034
56036
56042
56053
56057
56065
56066
56068
56070
56074
56077
56081
56082
56088
56104
56107
56108
56110
56127
56153
56158
56160
56181
56193
56200
56216
56222
56225
56233
56235
56236
56238
56242
56248
56252
56267
56269
56274
56296
56300
56307
56313
56314
56324
56339
56355
56357
56364
56367
56374
56387
56396
56401
56407
56411
56412
56417
56421
56424
56430
56431
56435
56443
56445
56446
56449
56463
56466
56476
56479
56483
56484
56487
56511
56521
56531
56539
56542
56554
56555
56562
56569
56578
56591
56600
56604
56607
56627
56629
56636
56637
56640
56646
56653
56654
56661
56662
56666
56671
56674
56683
56692
56697
56703
56723
56737
56739
56749
56760
56777
56781
56787
56795
56800
56804
56815
56822
56829
56830
56844
56847
56854
56856
56862
56882
56887
56889
56891
56893
56901
56905
56913
56914
56915
56916
56917
56923
56936
56945
56948
56964
56969
56972
56991
56993
56999
57004
57005
57006
57009
57019
57027
57029
57031
57042
57058
57059
57061
57065
57070
57079
57085
57088
57089
57097
57101
57106
57118
57120
57133
57138
57145
57147
57150
57152
57154
57161
57163
57171
57177
57183
57186
57190
57195
57197
57201
57203
57211
57217
57218
57225
57228
57230
57234
57243
57244
57250
57259
57275
57276
57278
57279
57285
57287
57288
57297
57302
57303
57304
57305
57307
57334
57349
57352
57355
57360
57362
57365
57366
57370
57382
57386
57407
57413
57416
57417
57419
57435
57436
57438
57447
57451
57454
57456
57466
57469
57473
57475
57483
57494
57502
57506
57522
57533
57544
57545
57551
57552
57561
57588
57590
57599
57602
57612
57621
57629
57631
57635
57651
57652
57658
57689
57701
57703
57704
57712
57719
57725
57730
57734
57735
57738
57740
57745
57751
57757
57759
57769
57780
57781
57784
57786
57788
57789
57791
57797
57803
57807
57808
57819
57821
57840
57855
57859
57863
57876
57877
57882
57883
57884
57886
57889
57899
57900
57916
57956
57959
57961
57963
57977
57978
57987
57995
58003
58017
58018
58033
58034
58042
58050
58059
58068
58070
58081
58094
58097
58108
58110
58111
58113
58127
58131
58145
58150
58154
58159
58161
58181
58183
58185
58188
58190
58191
58194
58195
58197
58201
58202
58207
58226
58228
58235
58251
58252
58259
58265
58267
58278
58281
58299
58322
58331
58333
58336
58340
58348
58364
58379
58381
58384
58385
58388
58390
58391
58398
58399
58403
58419
58423
58428
58429
58431
58434
58444
58448
58450
58453
58459
58462
58465
58466
58471
58479
58483
58487
58495
58510
58514
58516
58519
58526
58528
58531
58537
58543
58549
58554
58569
58580
58596
58603
58604
58613
58628
58640
58654
58664
58672
58675
58678
58680
58682
58688
58703
58708
58729
58732
58751
58756
58764
58775
58780
58790
58791
58792
58801
58802
58811
58814
58816
58819
58825
58830
58832
58855
58857
58859
58861
58879
58883
58884
58893
58895
58898
58905
58906
58909
58910
58918
58919
58932
58937
58945
58949
58959
58961
58967
58980
58983
58984
58994
59000
59015
59017
59030
59034
59039
59048
59051
59056
59070
59073
59094
59097
59103
59112
59115
59116
59121
59125
59130
59135
59136
59141
59143
59151
59161
59163
59167
59173
59184
59199
59202
59212
59213
59216
59223
59237
59238
59241
59245
59255
59261
59262
59266
59293
59313
59316
59317
59323
59331
59335
59348
59353
59354
59371
59378
59384
59386
59388
59389
59390
59394
59400
59405
59418
59429
59431
59432
59439
59440
59443
59445
59458
59473
59478
59499
59500
59502
59504
59523
59526
59529
59530
59533
59541
59552
59553
59554
59555
59557
59569
59573
59579
59583
59585
59592
59595
59598
59622
59628
59629
59630
59633
59635
59646
59648
59649
59657
59661
59670
59684
59686
59694
59712
59716
59718
59721
59722
59732
59739
59740
59743
59752
59755
59761
59772
59773
59781
59812
59818
59823
59826
59838
59839
59844
59852
59857
59859
59861
59863
59866
59868
59877
59878
59896
59912
59928
59931
59933
59935
59944
59966
59970
59975
59989
59990
59992
59994
60005
60013
60020
60027
60038
60043
60046
60051
60055
60059
60067
60072
60081
60087
60095
60097
60101
60112
60115
60119
60130
60132
60136
60145
60146
60152
60160
60161
60171
60173
60175
60177
60181
60192
60193
60197
60202
60214
60219
60241
60245
60246
60251
60256
60268
60271
60273
60284
60287
60295
60296
60303
60307
60312
60324
60331
60333
60337
60340
60343
60376
60399
60402
60403
60404
60406
60412
60413
60414
60437
60438
60447
60474
60481
60492
60496
60508
60510
60514
60517
60519
60536
60539
60546
60571
60574
60579
60580
60599
60600
60603
60609
60615
60623
60625
60626
60631
60637
60639
60646
60650
60653
60664
60668
60684
60699
60700
60706
60708
60712
60716
60730
60731
60732
60733
60734
60739
60740
60742
60747
60749
60751
60793
60801
60802
60811
60812
60819
60823
60824
60831
60834
60835
60840
60845
60847
60856
60858
60860
60862
60866
60880
60885
60889
60904
60934
60937
60958
60978
60984
60986
60988
60990
60994
60997
60998
61001
61008
61010
61025
61044
61056
61058
61063
61080
61083
61084
61096
61099
61102
61103
61105
61120
61121
61124
61127
61138
61139
61140
61146
61151
61152
61153
61154
61155
61157
61190
61193
61205
61214
61215
61217
61219
61232
61245
61251
61254
61255
61258
61259
61260
61262
61266
61269
61273
61274
61276
61285
61286
61291
61296
61301
61317
61319
61332
61337
61347
61348
61350
61353
61354
61357
61360
61365
61382
61384
61404
61405
61409
61411
61414
61431
61435
61436
61445
61447
61453
61454
61463
61467
61470
61473
61477
61478
61482
61488
61490
61491
61494
61505
61509
61518
61522
61538
61542
61543
61552
61556
61572
61573
61575
61577
61580
61582
61585
61598
61602
61605
61613
61614
61630
61643
61649
61662
61674
61676
61712
61716
61723
61726
61729
61733
61738
61746
61760
61768
61780
61794
61811
61812
61813
61820
61829
61837
61850
61855
61856
61868
61870
61871
61876
61879
61880
61884
61889
61890
61897
61909
61911
61921
61926
61930
61936
61946
61950
61952
61953
61954
61955
61969
61979
61983
61986
61993
62001
62004
62005
62006
62024
62028
62032
62033
62043
62053
62055
62060
62062
62078
62081
62083
62099
62107
62130
62136
62139
62141
62147
62159
62162
62167
62178
62188
62190
62192
62203
62204
62206
62227
62236
62237
62249
62250
62252
62253
62262
62277
62279
62280
62287
62290
62291
62294
62296
62300
62305
62308
62316
62318
62319
62336
62339
62345
62346
62353
62369
62386
62398
62399
62403
62406
62407
62426
62428
62434
62440
62446
62449
62450
62455
62456
62461
62465
62467
62468
62471
62475
62483
62484
62485
62500
62503
62513
62525
62526
62532
62534
62541
62548
62551
62552
62556
62558
62569
62575
62577
62581
62593
62594
62598
62601
62602
62607
62609
62610
62630
62635
62665
62669
62688
62697
62705
62720
62723
62727
62731
62743
62756
62766
62778
62784
62788
62789
62792
62794
62797
62801
62803
62805
62810
62816
62833
62836
62841
62844
62858
62864
62866
62884
62887
62888
62899
62900
62907
62909
62912
62923
62934
62950
62962
62964
62969
62977
62979
62985
62987
62991
62993
62994
63000
63010
63011
63016
63031
63035
63040
63045
63049
63053
63064
63075
63076
63078
63083
63088
63090
63094
63098
63104
63111
63118
63121
63125
63134
63139
63140
63147
63151
63156
63163
63172
63173
63184
63188
63190
63196
63201
63202
63203
63225
63229
63232
63235
63236
63240
63243
63254
63266
63272
63291
63294
63295
63296
63304
63305
63317
63319
63321
63330
63338
63343
63347
63349
63352
63354
63360
63371
63386
63388
63389
63390
63400
63402
63414
63415
63422
63423
63445
63448
63449
63456
63471
63472
63478
63479
63486
63488
63492
63494
63497
63500
63505
63506
63507
63508
63514
63544
63549
63553
63554
63556
63563
63587
63591
63592
63599
63607
63612
63622
63647
63650
63662
63663
63665
63671
63682
63687
63691
63703
63707
63708
63709
63727
63734
63743
63756
63757
63758
63763
63775
63776
63778
63784
63793
63804
63810
63824
63833
63839
63843
63848
63857
63861
63866
63871
63877
63883
63892
63894
63897
63908
63915
63917
63920
63922
63930
63946
63949
63953
63967
63976
63988
64001
64002
64004
64012
64013
64023
64031
64033
64037
64038
64042
64045
64046
64062
64079
64083
64084
64089
64095
64101
64104
64110
64119
64125
64127
64136
64138
64144
64147
64149
64163
64176
64185
64210
64212
64216
64219
64223
64225
64230
64237
64245
64268
64280
64290
64292
64298
64306
64311
64314
64331
64349
64353
64358
64365
64375
64376
64377
64379
64382
64399
64401
64404
64405
64408
64420
64426
64442
64450
64452
64462
64465
64470
64472
64474
64476
64478
64490
64498
64507
64509
64515
64518
64528
64530
64531
64539
64542
64552
64560
64561
64562
64581
64584
64590
64592
64594
64596
64598
64600
64603
64605
64620
64623
64626
64627
64629
64631
64632
64633
64640
64647
64656
64659
64660
64665
64670
64673
64679
64690
64692
64697
64698
64708
64711
64714
64715
64722
64734
64750
64758
64762
64763
64765
64770
64771
64781
64785
64786
64787
64802
64804
64807
64809
64817
64820
64826
64829
64834
64836
64843
64851
64858
64864
64865
64873
64874
64884
64890
64894
64911
64924
64930
64933
64952
64972
64984
64987
64988
64991
64992
64996
64999
65000
65006
65011
65013
65020
65032
65034
65039
65041
65043
65046
65054
65059
65082
65088
65103
65132
65137
65138
65142
65147
65155
65161
65199
65200
65201
65234
65235
65238
65239
65246
65249
65250
65256
65261
65263
65276
65280
65282
65283
65293
65304
65322
65327
65333
65347
65356
65379
65384
65388
65394
65397
65400
65406
65407
65412
65415
65418
65432
65435
65448
65458
65460
65462
65463
65466
65469
65476
65487
65491
65499
65508
65511
65516
65522
65535
65546
65548
65549
65551
65560
65561
65574
65578
65586
65587
65589
65591
65596
65603
65607
65609
65610
65615
65629
65630
65633
65644
65648
65651
65659
65666
65673
65675
65678
65709
65724
65745
65751
65762
65765
65766
65769
65772
65788
65794
65796
65812
65815
65818
65821
65830
65832
65834
65841
65847
65851
65865
65871
65902
65908
65909
65921
65922
65925
65929
65942
65944
65951
65957
65958
65960
65963
65967
65968
65970
65973
65979
65981
65983
65987
65989
65992
66004
66007
66008
66012
66015
66019
66024
66026
66034
66039
66042
66045
66046
66050
66051
66056
66059
66067
66073
66078
66095
66096
66098
66099
66102
66105
66121
66122
66136
66139
66141
66143
66148
66152
66168
66174
66178
66180
66188
66191
66210
66212
66229
66232
66235
66243
66248
66258
66262
66271
66285
66290
66295
66296
66301
66306
66308
66314
66318
66323
66342
66343
66349
66351
66352
66355
66357
66367
66375
66400
66410
66416
66433
66440
66447
66452
66454
66470
66471
66475
66485
66489
66501
66502
66523
66524
66526
66553
66563
66568
66575
66586
66588
66590
66600
66605
66611
66613
66620
66629
66640
66642
66643
66646
66652
66668
66688
66694
66696
66706
66707
66720
66721
66729
66742
66744
66752
66753
66761
66767
66768
66773
66776
66780
66783
66784
66818
66823
66824
66833
66835
66841
66842
66846
66850
66858
66860
66870
66872
66876
66878
66880
66893
66894
66895
66905
66911
66923
66926
66930
66939
66941
66951
66952
66962
66970
66974
66975
66979
66986
66988
66991
66992
66993
67001
67018
67024
67029
67030
67046
67048
67054
67071
67082
67089
67090
67095
67113
67119
67132
67138
67149
67150
67159
67161
67167
67172
67198
67200
67210
67219
67224
67227
67230
67232
67251
67252
67256
67270
67272
67277
67283
67285
67288
67292
67293
67295
67303
67309
67316
67321
67324
67334
67336
67342
67349
67372
67378
67387
67396
67399
67410
67421
67429
67441
67453
67455
67465
67469
67481
67484
67501
67502
67508
67511
67513
67518
67523
67525
67526
67532
67541
67547
67559
67567
67571
67572
67574
67584
67601
67605
67613
67614
67618
67629
67632
67644
67646
67649
67656
67667
67668
67679
67681
67682
67683
67689
67698
67701
67702
67704
67713
67718
67726
67730
67740
67746
67750
67756
67760
67761
67762
67782
67785
67786
67790
67793
67794
67795
67796
67805
67808
67815
67818
67822
67834
67835
67846
67858
67865
67868
67869
67870
67884
67886
67893
67895
67899
67903
67939
67944
67955
67956
67961
67962
67967
67968
67969
67976
67984
67990
68000
68008
68017
68019
68021
68024
68035
68041
68046
68049
68055
68065
68066
68067
68074
68083
68087
68088
68091
68097
68098
68099
68102
68107
68109
68110
68111
68115
68116
68119
68125
68129
68130
68135
68139
68145
68147
68160
68168
68171
68181
68193
68194
68196
68206
68214
68217
68218
68219
68221
68228
68230
68234
68235
68247
68254
68268
68281
68286
68287
68294
68302
68304
68313
68320
68329
68331
68333
68344
68355
68357
68361
68367
68368
68369
68377
68381
68383
68423
68426
68428
68446
68448
68451
68462
68465
68466
68475
68482
68496
68499
68501
68509
68513
68515
68520
68525
68528
68537
68547
68571
68572
68580
68583
68594
68617
68635
68656
68658
68659
68661
68663
68664
68667
68674
68692
68705
68715
68735
68745
68750
68752
68753
68759
68777
68785
68793
68796
68816
68818
68819
68825
68829
68845
68849
68858
68859
68879
68887
68890
68895
68896
68901
68902
68909
68924
68926
68933
68938
68954
68955
68957
68958
68962
68966
68967
68968
68969
68973
68978
68979
68991
68993
68994
69006
69012
69017
69019
69023
69031
69033
69042
69047
69067
69068
69069
69079
69104
69106
69110
69111
69119
69126
69134
69137
69142
69145
69146
69161
69162
69171
69175
69178
69190
69194
69198
69207
69208
69211
69212
69215
69235
69236
69248
69263
69268
69269
69271
69274
69283
69289
69292
69294
69298
69305
69310
69314
69321
69324
69332
69337
69340
69349
69354
69356
69361
69372
69373
69376
69391
69396
69409
69410
69414
69422
69424
69435
69445
69453
69456
69458
69467
69473
69477
69481
69488
69489
69493
69496
69515
69516
69524
69527
69533
69540
69546
69551
69557
69558
69562
69572
69573
69579
69582
69586
69590
69594
69602
69612
69617
69622
69629
69639
69640
69642
69646
69653
69660
69682
69683
69690
69692
69705
69709
69718
69719
69728
69729
69733
69737
69745
69747
69754
69764
69775
69778
69789
69795
69797
69799
69800
69802
69808
69820
69840
69854
69870
69874
69878
69882
69889
69890
69893
69906
69911
69917
69918
69922
69927
69928
69936
69948
69951
69953
69955
69959
69961
69971
69972
69986
69989
69992
69993
69994
69996
70000
70001
70002
70020
70021
70030
70036
70049
70064
70071
70077
70083
70095
70097
70098
70101
70111
70114
70115
70119
70126
70137
70157
70167
70171
70173
70180
70186
70187
70192
70194
70202
70214
70220
70224
70231
70234
70244
70249
70252
70261
70284
70287
70288
70291
70292
70299
70305
70312
70315
70321
70334
70338
70347
70350
70361
70369
70370
70371
70380
70386
70388
70391
70393
70402
70409
70412
70420
70423
70426
70434
70452
70453
70461
70464
70477
70489
70501
70512
70517
70519
70532
70540
70544
70545
70547
70555
70559
70565
70566
70572
70573
70579
70580
70589
70597
70607
70615
70616
70628
70642
70643
70646
70659
70663
70667
70669
70672
70675
70692
70694
70698
70706
70711
70719
70724
70731
70735
70740
70756
70764
70770
70773
70776
70782
70796
70799
70815
70819
70825
70826
70836
70837
70851
70853
70854
70859
70863
70889
70891
70894
70895
70899
70900
70912
70915
70918
70924
70927
70942
70958
70963
70966
70968
70990
70992
71000
71011
71019
71024
71029
71030
71031
71037
71043
71049
71055
71057
71058
71063
71072
71086
71088
71092
71095
71098
71103
71106
71112
71116
71148
71154
71157
71162
71168
71187
71200
71201
71202
71207
71219
71221
71224
71226
71228
71236
71246
71247
71257
71267
71271
71272
71277
71283
71290
71296
71298
71303
71322
71327
71336
71342
71347
71349
71356
71369
71373
71374
71380
71390
71391
71405
71410
71411
71418
71420
71423
71429
71430
71431
71437
71451
71460
71461
71462
71470
71476
71481
71489
71490
71512
71518
71520
71530
71540
71541
71545
71546
71555
71558
71560
71563
71565
71566
71572
71582
71588
71591
71597
71605
71620
71623
71631
71632
71644
71646
71652
71658
71659
71663
71664
71665
71674
71698
71699
71701
71704
71715
71729
71739
71741
71744
71747
71748
71749
71750
71752
71753
71758
71762
71763
71764
71770
71780
71784
71808
71809
71813
71830
71839
71849
71852
71854
71860
71864
71876
71899
71919
71920
71921
71924
71927
71929
71930
71933
71938
71946
71947
71953
71956
71960
71963
71975
71977
71990
72002
72003
72011
72012
72024
72048
72049
72051
72059
72060
72063
72073
72085
72090
72091
72100
72103
72132
72140
72167
72180
72189
72193
72210
72211
72212
72215
72217
72218
72226
72230
72232
72238
72242
72243
72251
72267
72271
72272
72277
72282
72287
72291
72299
72305
72306
72308
72309
72310
72319
72320
72322
72326
72344
72348
72377
72383
72409
72410
72412
72413
72416
72419
72433
72438
72442
72444
72449
72453
72459
72460
72461
72473
72475
72478
72479
72480
72482
72490
72491
72507
72529
72536
72539
72545
72548
72549
72554
72557
72558
72560
72562
72568
72570
72571
72573
72574
72581
72587
72595
72603
72605
72623
72627
72632
72634
72636
72644
72647
72648
72676
72679
72691
72702
72709
72713
72724
72733
72735
72747
72757
72761
72790
72794
72802
72809
72826
72831
72832
72833
72838
72843
72874
72875
72876
72885
72891
72894
72895
72897
72898
72903
72908
72911
72915
72921
72923
72926
72928
72941
72944
72947
72962
72965
72997
73000
73005
73007
73009
73014
73026
73041
73043
73047
73058
73064
73072
73074
73075
73083
73084
73085
73087
73110
73125
73133
73136
73140
73141
73147
73157
73158
73164
73166
73173
73175
73180
73182
73199
73201
73205
73208
73209
73211
73212
73215
73221
73226
73229
73235
73239
73254
73255
73261
73263
73266
73272
73286
73288
73289
73297
73302
73304
73308
73310
73317
73328
73332
73339
73352
73357
73358
73361
73362
73373
73379
73382
73386
73387
73394
73408
73410
73421
73424
73425
73432
73437
73441
73445
73474
73475
73479
73484
73486
73487
73491
73493
73499
73504
73505
73517
73532
73536
73537
73549
73550
73552
73556
73572
73578
73579
73580
73584
73586
73605
73612
73615
73624
73633
73636
73638
73640
73643
73646
73648
73650
73652
73656
73662
73665
73676
73679
73688
73692
73702
73707
73710
73711
73713
73717
73723
73724
73730
73735
73738
73739
73747
73753
73757
73771
73796
73801
73802
73804
73815
73825
73829
73831
73845
73846
73850
73855
73860
73863
73872
73882
73890
73906
73911
73915
73916
73920
73927
73930
73950
73961
73965
73966
73981
73983
73989
73999
74003
74010
74019
74021
74038
74040
74045
74051
74053
74054
74056
74061
74063
74067
74074
74080
74087
74088
74097
74099
74109
74128
74139
74141
74142
74146
74147
74151
74162
74171
74173
74180
74184
74192
74200
74204
74209
74212
74224
74227
74228
74231
74235
74240
74242
74245
74247
74249
74250
74251
74260
74261
74263
74277
74278
74280
74312
74315
74316
74331
74345
74346
74350
74354
74357
74365
74366
74378
74380
74381
74390
74392
74398
74402
74412
74414
74416
74419
74426
74429
74439
74442
74443
74448
74450
74458
74480
74495
74508
74527
74534
74540
74541
74544
74549
74550
74554
74556
74560
74564
74567
74573
74579
74580
74583
74600
74607
74618
74639
74640
74642
74662
74663
74667
74673
74680
74687
74692
74697
74699
74700
74701
74702
74704
74722
74742
74762
74764
74774
74775
74781
74782
74792
74794
74798
74808
74816
74823
74829
74830
74833
74834
74841
74858
74860
74863
74866
74873
74875
74879
74882
74900
74901
74904
74906
74912
74919
74920
74923
74927
74931
74937
74942
74947
74949
74956
74959
74962
74965
74969
74973
74976
74979
74988
74990
74998
74999
75012
75030
75031
75037
75043
75048
75049
75059
75063
75069
75072
75078
75084
75103
75111
75114
75136
75143
75148
75157
75167
75178
75179
75181
75197
75199
75201
75203
75206
75207
75226
75238
75246
75253
75258
75272
75281
75286
75292
75296
75297
75301
75307
75314
75322
75325
75329
75330
75333
75335
75345
75347
75349
75353
75358
75360
75365
75371
75387
75391
75397
75402
75416
75420
75422
75424
75426
75427
75428
75448
75454
75458
75463
75466
75471
75475
75489
75494
75497
75504
75511
75521
75522
75530
75540
75554
75564
75567
75569
75580
75585
75590
75595
75600
75606
75607
75608
75610
75618
75626
75627
75628
75636
75640
75642
75645
75649
75652
75660
75661
75663
75666
75674
75685
75686
75693
75694
75700
75727
75728
75737
75744
75745
75756
75759
75784
75790
75795
75807
75820
75826
75827
75834
75842
75843
75854
75862
75863
75879
75883
75887
75892
75894
75895
75901
75904
75912
75918
75919
75920
75921
75939
75953
75959
75961
75965
75967
75969
75979
75983
75990
75992
76011
76016
76021
76041
76050
76057
76068
76069
76071
76085
76090
76093
76101
76103
76111
76123
76125
76129
76132
76139
76143
76145
76151
76163
76164
76166
76173
76182
76193
76194
76196
76200
76233
76237
76262
76270
76279
76285
76294
76299
76301
76303
76305
76306
76313
76318
76322
76324
76326
76327
76333
76340
76343
76346
76353
76359
76363
76371
76375
76385
76387
76390
76395
76396
76400
76414
76419
76443
76446
76451
76460
76462
76474
76476
76478
76483
76490
76496
76497
76508
76515
76516
76520
76522
76530
76531
76532
76541
76543
76547
76549
76552
76558
76559
76561
76563
76576
76592
76597
76600
76613
76614
76622
76632
76635
76638
76640
76644
76651
76660
76664
76676
76687
76693
76695
76722
76724
76735
76748
76753
76775
76785
76791
76793
76796
76802
76803
76806
76815
76820
76821
76826
76833
76837
76847
76853
76859
76863
76870
76882
76892
76926
76939
76941
76942
76945
76968
76970
76972
76974
76981
77000
77010
77012
77017
77020
77021
77024
77033
77046
77048
77049
77065
77073
77075
77076
77080
77084
77089
77098
77104
77109
77110
77112
77118
77127
77128
77131
77133
77137
77138
77142
77145
77146
77162
77179
77183
77184
77189
77198
77211
77212
77213
77216
77220
77230
77233
77237
77239
77241
77242
77246
77254
77262
77264
77275
77281
77283
77292
77296
77306
77317
77320
77333
77335
77338
77339
77341
77344
77348
77350
77360
77362
77364
77365
77375
77381
77395
77397
77400
77406
77416
77422
77430
77446
77460
77465
77473
77474
77477
77480
77484
77485
77492
77493
77515
77521
77524
77545
77555
77556
77557
77563
77564
77571
77573
77574
77579
77582
77586
77587
77601
77606
77609
77613
77615
77622
77641
77658
77663
77665
77673
77680
77682
77690
77708
77718
77721
77725
77728
77729
77740
77771
77780
77788
77803
77804
77807
77833
77840
77846
77852
77861
77866
77867
77870
77873
77879
77891
77892
77901
77905
77918
77927
77936
77937
77942
77954
77960
77961
77962
77967
77978
77979
77983
77984
77989
77993
77994
77995
78001
78002
78015
78026
78029
78030
78035
78040
78046
78047
78055
78058
78063
78064
78074
78078
78079
78085
78087
78089
78098
78115
78117
78126
78127
78131
78136
78138
78151
78153
78158
78168
78176
78186
78201
78210
78214
78216
78224
78231
78233
78234
78242
78252
78253
78277
78279
78288
78289
78296
78300
78325
78331
78357
78363
78364
78366
78384
78396
78397
78401
78403
78412
78416
78417
78419
78420
78421
78429
78441
78447
78453
78455
78456
78459
78467
78471
78475
78481
78483
78489
78490
78511
78512
78520
78522
78527
78528
78530
78533
78543
78545
78549
78550
78558
78559
78568
78579
78581
78589
78592
78594
78597
78607
78609
78612
78621
78622
78631
78642
78652
78666
78672
78676
78678
78685
78698
78700
78706
78707
78709
78712
78716
78720
78724
78730
78734
78739
78745
78771
78781
78787
78790
78795
78797
78800
78807
78812
78825
78830
78831
78835
78841
78866
78875
78881
78885
78889
78892
78897
78904
78907
78909
78915
78917
78930
78931
78932
78936
78938
78945
78953
78958
78963
78968
78971
78986
78989
78991
79008
79019
79028
79030
79044
79050
79052
79053
79058
79059
79076
79077
79082
79085
79090
79092
79100
79136
79142
79147
79152
79157
79168
79169
79174
79177
79187
79188
79191
79211
79212
79236
79240
79241
79253
79260
79280
79284
79285
79290
79299
79305
79312
79329
79346
79350
79371
79373
79393
79396
79412
79428
79431
79448
79449
79464
79465
79473
79480
79484
79492
79497
79505
79506
79510
79517
79519
79521
79523
79525
79529
79534
79540
79548
79556
79558
79563
79565
79567
79573
79575
79577
79594
79607
79615
79616
79620
79622
79626
79650
79655
79658
79659
79662
79664
79666
79678
79679
79685
79686
79696
79698
79700
79701
79711
79727
79747
79748
79752
79759
79764
79770
79773
79778
79786
79792
79796
79809
79826
79833
79835
79859
79863
79866
79869
79871
79874
79877
79884
79885
79887
79905
79907
79910
79916
79919
79922
79933
79936
79938
79951
79953
79959
79978
79979
79984
79986
79995
79999
80004
80005
80016
80018
80021
80033
80035
80048
80049
80054
80065
80066
80071
80072
80083
80089
80102
80104
80127
80128
80132
80147
80157
80168
80177
80193
80194
80200
80206
80207
80209
80214
80215
80216
80230
80231
80236
80237
80240
80243
80247
80249
80266
80268
80272
80301
80304
80308
80311
80315
80317
80320
80321
80322
80327
80330
80348
80362
80372
80373
80376
80384
80393
80398
80404
80407
80410
80419
80435
80436
80444
80448
80456
80458
80460
80462
80465
80466
80467
80471
80484
80493
80503
80516
80531
80534
80549
80565
80568
80577
80579
80580
80586
80594
80603
80604
80605
80606
80608
80618
80622
80625
80628
80629
80634
80640
80647
80651
80655
80661
80668
80673
80679
80682
80685
80703
80705
80712
80714
80726
80727
80732
80748
80749
80752
80753
80757
80768
80770
80771
80778
80781
80785
80797
80800
80819
80820
80822
80825
80826
80835
80845
80851
80870
80872
80886
80887
80892
80912
80914
80919
80928
80937
80943
80945
80948
80950
80953
80961
80962
80967
80968
80971
80978
80980
80990
81001
81016
81017
81030
81035
81038
81042
81048
81049
81053
81055
81061
81062
81064
81075
81085
81093
81097
81104
81112
81116
81125
81133
81141
81142
81143
81144
81149
81150
81152
81163
81164
81179
81182
81187
81194
81199
81205
81208
81220
81222
81226
81261
81262
81263
81270
81275
81276
81282
81285
81290
81291
81296
81298
81299
81306
81318
81322
81331
81334
81339
81342
81352
81362
81368
81369
81378
81381
81384
81389
81396
81398
81399
81406
81407
81415
81426
81429
81430
81441
81447
81451
81452
81476
81478
81480
81494
81505
81514
81525
81527
81529
81532
81537
81542
81549
81553
81556
81557
81558
81559
81560
81563
81566
81577
81578
81579
81584
81597
81621
81638
81640
81641
81650
81653
81660
81661
81664
81671
81673
81674
81695
81700
81703
81712
81713
81719
81721
81729
81735
81739
81740
81751
81754
81765
81766
81769
81770
81771
81778
81781
81787
81789
81792
81800
81801
81806
81807
81808
81815
81821
81833
81837
81841
81843
81855
81857
81861
81869
81875
81877
81878
81886
81887
81888
81889
81892
81896
81897
81900
81901
81916
81920
81925
81934
81936
81946
81955
81963
81965
81976
81985
81998
82001
82008
82014
82028
82030
82035
82040
82041
82046
82052
82064
82072
82073
82074
82080
82081
82086
82090
82091
82099
82100
82102
82106
82108
82109
82111
82113
82117
82125
82130
82145
82146
82150
82152
82159
82181
82182
82185
82190
82194
82197
82203
82207
82208
82213
82229
82230
82236
82240
82246
82250
82252
82259
82269
82275
82276
82278
82280
82301
82315
82328
82343
82349
82350
82354
82357
82362
82363
82365
82366
82375
82382
82388
82397
82410
82411
82413
82416
82425
82428
82431
82436
82447
82458
82459
82465
82466
82469
82486
82503
82509
82516
82520
82524
82534
82552
82555
82558
82569
82571
82581
82585
82590
82595
82602
82614
82615
82618
82625
82641
82656
82658
82660
82664
82667
82669
82679
82682
82684
82688
82692
82693
82695
82702
82705
82710
82714
82723
82729
82731
82736
82738
82742
82766
82767
82775
82776
82778
82783
82785
82787
82788
82793
82796
82798
82807
82808
82814
82819
82829
82837
82841
82843
82854
82862
82864
82865
82892
82898
82901
82908
82920
82925
82931
82938
82939
82945
82956
82970
82971
82972
82977
82979
82992
1517
2699
3180
3932
3974
4428
4524
4715
5285
5315
6835
7124
7492
10744
10864
12787
13109
13692
15574
16431
17410
76783
77463
77920
78537
78784
78828
78877
79022
79475
79499
80107
82483
82760
70769
71078
71734
73187
73772
75005
76067
76439
76528
42513
42972
43829
44659
45087
45157
45354
47452
47856
49462
32219
32799
34416
35366
36212
37509
38406
39594
40362
40945
59860
60962
62479
62975
65145
67269
67347
68534
69275
69497
51431
53298
53724
55516
56148
56743
57568
57670
58308
25775
26436
26899
27853
29200
29565
30141
30804
31478
18579
19085
19425
20742
21203
22493
22564
22687
24899
1221
2192
5163
5531
5651
5757
8745
9671
9746
11709
12417
13882
15159
17245
17447
18167
18339
18705
18854
19038
19304
19882
19994
21677
23186
24338
24410
24583
25215
26049
26061
26591
26772
26820
27129
27257
27391
28077
28177
28190
28365
29056
29516
30113
30321
32065
32570
32685
32937
33430
33753
34215
36025
36950
37046
39112
39402
40285
40554
41643
42376
42938
43490
43725
45736
48421
49554
50170
50349
50716
50782
51059
51687
52581
53518
53740
53840
60439
60470
60841
61400
61439
62650
62896
62939
63044
63863
63891
64604
65028
65140
65540
67490
67652
69967
71474
72036
74888
75319
76788
77549
77636
78890
79545
80390
80442
80601
81685
82009
1325
2409
2635
3358
3599
3601
3891
4799
5302
5685
6057
6441
6608
6930
7263
7266
7269
7691
8387
8389
8821
10174
11689
12090
13793
13973
14460
14695
16008
16637
18102
18651
18909
19567
21169
22174
23435
24589
25383
26689
26937
28896
29645
29765
30649
30974
32490
32514
32618
34205
34360
34673
35280
35992
36097
36392
36530
36634
36902
37319
39358
39934
41986
42220
42609
42683
43627
44097
46076
50114
53003
53292
53385
53945
54493
55301
56182
56947
57637
57950
58844
58947
59727
59942
60951
61356
63940
65870
67960
68632
70238
71009
71594
72532
73943
74536
75374
78802
81724
82866
1062
1451
1491
1794
2088
2878
3254
3818
4196
4401
4406
4504
4943
6268
6277
6463
6613
7054
7590
8279
8303
8539
8853
9298
9303
10543
10546
12673
13495
13699
14704
14822
15115
15158
15900
16082
16653
16875
16884
17079
17293
17758
17917
18366
20095
20172
20393
20535
21135
21841
22241
24759
24865
24950
25150
25188
25421
25947
25951
26079
26243
26825
27321
28591
29086
29274
29401
29797
30434
32252
33002
33247
34747
34756
34788
35153
35322
35559
35845
36214
36432
37163
37480
38233
38896
39472
40144
40287
41353
41589
41646
41887
42901
43267
44137
44333
44482
44638
44891
45701
46069
46315
46790
47262
47532
48503
49209
49666
50853
51321
51353
51606
51754
52760
52893
52961
53058
53185
53251
54177
54502
54740
54985
55598
55936
56090
56213
57105
58747
58868
60086
60527
60563
60648
60669
60820
60869
61186
61998
62258
62509
62736
63571
64266
65260
65266
65726
67361
67443
67692
67747
67996
68261
68309
68321
68769
69841
70040
70285
70367
70795
70858
71544
72447
72586
72638
72842
73010
73081
73581
74179
74183
74376
74777
74941
75208
75405
75560
75577
75579
75946
76083
76269
76357
76740
77135
77487
77596
77738
78350
78487
78854
79238
79544
80255
80343
80455
81160
81216
82572